# array size 	 execution time (ns)
1		93
112		338.97
223		604.69
334		872.27
445		1138.45
556		1405.95
667		1673.63
778		2008.52
889		1970.15
1000		2208.05
1111		2448
1222		2686.09
1333		2923.7
1444		3163.25
1555		3401.63
1666		3641.94
1777		3876.97
1888		3978.42
1999		3933.7
2110		4150.3
2221		4364.46
2332		4578.42
2443		4904.28
2554		4567.21
2665		4787.01
2776		4961.27
2887		4855.36
2998		4919.01
3109		5099.47
3220		5280.54
3331		5580.02
3442		6749.69
3553		6738.25
3664		7157.47
3775		6359.36
3886		6544.4
3997		6727.91
4108		7022.88
4219		8037.74
4330		7611.08
4441		7268.51
4552		7867
4663		7627.73
4774		7809.06
4885		7989.24
4996		8193.61
5107		8348.8
5218		8531.8
5329		8711.17
5440		8892.02
5551		9068.62
5662		9754.8
5773		9521.69
5884		10175.9
5995		11028.2
6106		11219.6
6217		10837.5
6328		10338.1
6439		10518.7
6550		10695.6
6661		10913.6
6772		11057.8
6883		11238.8
6994		11417.6
7105		11597.3
7216		11779.7
7327		12072.8
7438		13958.3
7549		13384.1
7660		12499.5
7771		12684.3
7882		12866.2
7993		13042.2
8104		13221.1
8215		13431
8326		13584.9
8437		13766.4
8548		13943.8
8659		14635.1
8770		14393
8881		14487.5
8992		14668.3
9103		14851.1
9214		15025.1
9325		15210.6
9436		15413.3
9547		15567.1
9658		15747.2
9769		15929.1
9880		16113.4
9991		16292.3
10102		17486.7
10213		18504.4
10324		16830.5
10435		17012.6
10546		17189.5
10657		17368.8
10768		17575.8
10879		17732.5
10990		17913.4
11101		18600.8
11212		20265.9
11323		19847.4
11434		18645
11545		18817.9
11656		18997.2
11767		19173.8
11878		19432.1
11989		21716.8
12100		21722.3
12211		19902.6
12322		20078.8
12433		20283.5
12544		20945.5
12655		20618.1
12766		21361.1
12877		21087.6
12988		21161
13099		21339.8
13210		21519.6
13321		21907
13432		21899.1
13543		22061.7
13654		22447.6
13765		22421.9
13876		22620.9
13987		22780.5
14098		22964.1
14209		23143.8
14320		23323.3
14431		23837
14542		23686.2
14653		23865
14764		24726.8
14875		24244.7
14986		24408.4
15097		24815.6
15208		24768.9
15319		24965.4
15430		25131.9
15541		25310.3
15652		25490.2
15763		25689.5
15874		25851.3
15985		26031.7
16096		26230.3
16207		26412.2
16318		26572.6
16429		27002.5
16540		26952.1
16651		27110.9
16762		27294.4
16873		27957.2
16984		27673.7
17095		28381.1
17206		28016.5
17317		28199.6
17428		28397.2
17539		30493.4
17650		29954.4
17761		29177.1
17872		29098.4
17983		29551
18094		30048.2
18205		29968.1
18316		30085.3
18427		29999.2
18538		30201.2
18649		30361
18760		30541.9
18871		30743.8
18982		30904.8
19093		31332.2
19204		31283.7
19315		31444.2
19426		31627
19537		31827
19648		31987
19759		32184.8
19870		32367
19981		33248.1
20092		32711
20203		32910.2
20314		33071
20425		33476.9
20536		33451.1
20647		33612.4
20758		33793.8
20869		33992.7
20980		34153.4
21091		34334.2
21202		34809.7
21313		34695.3
21424		34875.6
21535		36831.8
21646		38063.3
21757		35414.1
21868		35732.1
21979		38598.3
22090		39206.6
22201		40964.4
22312		36443.1
22423		36521.4
22534		36681.7
22645		36867.6
22756		37062.4
22867		37218.6
22978		37422.5
23089		38732.6
23200		37763.4
23311		37965.8
23422		38124
23533		38303.8
23644		38507.4
23755		38668.5
23866		38864.7
23977		39025.7
24088		42871.1
24199		39405.2
24310		42271.2
24421		41806
24532		41250.7
24643		42228.7
24754		40308.2
24865		40685.9
24976		41283.5
25087		40852.9
25198		41754.3
25309		42788.4
25420		42722.2
25531		41549.2
25642		42681.5
25753		46268.2
25864		42092.6
25975		57365.7
26086		46423.7
26197		42636.5
26308		42846.5
26419		43536.6
26530		43415.6
26641		43365.6
26752		43838.8
26863		43962.9
26974		43903.3
27085		47126.8
27196		46281
27307		44877
27418		45437.1
27529		45062
27640		45413.6
27751		46475.2
27862		47160.5
27973		45546.5
28084		46153.7
28195		45911.5
28306		46071.2
28417		47625.8
28528		48166.4
28639		46614.7
28750		47311.2
28861		46976.1
28972		47389.9
29083		47763.9
29194		47800.2
29305		47700.9
29416		47903.7
29527		51059.1
29638		50234.8
29749		48423.5
29860		49068.2
29971		48785.5
30082		49358.9
30193		50907
30304		50100.1
30415		50599.8
30526		49713.3
30637		49891.1
30748		51573.2
30859		51711.4
30970		50639.4
31081		50597.1
31192		50797.5
31303		50959.4
31414		51414.6
31525		51320.3
31636		51520.8
31747		54860.7
31858		53833.2
31969		52718.9
32080		53864.7
32191		53735.5
32302		53592.5
32413		54674.2
32524		52945.8
32635		54008.7
32746		53322.7
32857		54579.9
32968		55346.5
33079		53870.3
33190		54241.5
33301		54238
33412		54418.6
33523		55038
33634		54778.1
33745		54943.5
33856		57451.6
33967		56950.5
34078		55505.8
34189		56722.2
34300		55866.9
34411		58849.2
34522		56760.4
34633		56741.8
34744		56702
34855		57268.9
34966		58971.5
35077		57372.1
35188		57318.6
35299		57481.1
35410		57681.2
35521		58098.9
35632		58040.3
35743		58219.7
35854		61152.9
35965		60770.5
36076		59600.1
36187		59064.5
36298		59476.1
36409		62102.9
36520		59717.9
36631		60116.3
36742		60780.2
36853		61550.8
36964		61842.9
37075		60395.5
37186		60557.8
37297		60761.6
37408		61195.4
37519		61103.6
37630		62938.9
37741		63571
37852		62512.6
37963		62286.6
38074		62004.9
38185		63561.9
38296		64133.3
38407		64625.7
38518		62954.5
38629		64492
38740		65036.1
38851		63290.3
38962		63678.5
39073		63631.9
39184		64757.4
39295		64584.9
39406		65555.2
39517		66557.2
39628		65359
39739		65161.6
39850		64919.1
39961		66840.5
40072		66494.9
40183		65902.3
40294		65642.6
40405		67299
40516		67198.1
40627		66615.6
40738		66346.4
40849		66545.2
40960		67430.7
41071		66889.1
41182		70945.7
41293		68914.7
41404		67873.9
41515		67629.2
41626		69210.4
41737		69962.7
41848		68614.4
41959		68349.6
42070		69985.8
42181		69939.6
42292		68892.7
42403		69074.1
42514		69237.8
42625		70785.7
42736		69614.4
42847		72145.8
42958		72758.1
43069		70159.1
43180		71749.8
43291		71118.7
43402		73440.1
43513		70879.9
43624		71485.3
43735		72396.6
43846		74125.8
43957		71603.1
44068		71765.3
44179		72239
44290		72144.5
44401		75269.6
44512		74599.7
44623		73126.1
44734		73698.9
44845		74966.4
44956		74331
45067		74070.5
45178		73585
45289		73748.9
45400		74149.1
45511		74130
45622		74307.6
45733		74751.9
45844		74803
45955		78803.7
46066		75982.9
46177		75213
46288		75389.4
46399		75684
46510		76113.2
46621		76570.9
46732		76097.7
46843		76497.1
46954		76686.3
47065		76659.5
47176		76816.1
47287		77014.3
47398		77197.5
47509		77381.1
47620		79109.6
47731		78847.9
47842		77923
47953		78100.7
48064		78282.2
48175		78443.5
48286		79061.3
48397		78824.3
48508		79006.3
48619		79464.9
48730		79349.5
48841		82723.7
48952		82072.2
49063		79908.3
49174		80106.6
49285		80252.8
49396		81480.4
49507		80632.6
49618		80814.3
49729		81194.4
49840		81171.2
49951		81330.6
50062		81533.2
50173		81715.1
50284		81896.5
50395		82689.9
50506		84913
50617		82435.1
50728		82614.8
50839		83015.3
50950		82978
51061		83157.3
51172		83317.7
51283		83520.8
51394		83700.5
51505		84157.5
51616		86083.6
51727		87490.7
51838		84439.5
51949		85152.4
52060		84780.2
52171		84963.8
52282		85355.1
52393		85325.7
52504		85502.1
52615		85687.6
52726		85850.4
52837		86463.1
52948		86227.8
53059		86409.1
53170		88339.4
53281		87939.4
53392		86951.4
53503		87112.3
53614		87774.6
53725		87489.9
53836		87673
53947		88057.5
54058		88313
54169		89855.8
54280		91632
54391		88593.2
54502		88949.7
54613		88938.2
54724		89321.8
54835		89293.6
54946		89477.7
55057		89658.5
55168		90277.9
55279		90020.2
55390		90201.5
55501		90586
55612		91573.9
55723		92669.7
55834		90925.8
55945		91768.9
56056		91284.4
56167		91466.6
56278		91644.4
56389		91826.1
56500		92005.6
56611		92466.1
56722		93339.4
56833		96917.1
56944		92732.8
57055		93114.4
57166		93521.1
57277		93269.2
57388		93449.8
57499		93634.2
57610		93813.1
57721		94614.1
57832		94174.3
57943		94814.4
58054		94962.6
58165		96186.3
58276		96347.1
58387		95075.6
58498		95255.5
58609		95645.1
58720		96276.8
58831		95801.2
58942		96258.5
59053		96159.4
59164		99868.6
59275		98617.2
59386		96702.5
59497		97090
59608		97060.8
59719		97240.1
59830		97425.4
59941		97586.1
60052		97785.1
60163		98168.2
60274		98595.3
60385		103861
60496		102030
60607		101287
60718		98851.1
60829		99031
60940		99681.1
61051		99414.5
61162		99588.3
61273		100047
61384		105417
61495		110703
61606		101216
61717		100496
61828		100677
61939		100857
62050		101035
62161		101219
62272		101398
62383		101578
62494		101771
62605		101941
62716		105475
62827		102302
62938		102798
63049		102659
63160		102838
63271		103022
63382		103204
63493		103665
63604		106294
63715		107220
63826		103925
63937		104104
64048		104288
64159		104463
64270		105053
64381		104825
64492		105030
64603		105205
64714		105371
64825		105547
64936		108709
65047		105910
65158		106095
65269		107331
65380		106453
65491		106634
65602		107520
65713		107197
65824		119689
65935		114771
66046		109156
66157		107739
66268		107915
66379		108093
66490		108274
66601		108460
66712		109757
66823		112275
66934		125440
67045		128969
67156		109363
67267		109980
67378		110164
67489		109899
67600		110552
67711		113985
67822		139371
67933		118802
68044		111246
68155		111622
68266		111604
68377		111775
68488		113599
68599		130129
68710		139552
68821		112264
68932		114657
69043		114149
69154		112808
69265		113817
69376		113172
69487		113766
69598		113811
69709		118208
69820		115305
69931		114275
70042		114463
70153		114219
70264		114820
70375		115202
70486		114776
70597		115788
70708		115141
70819		117377
70930		116501
71041		115664
71152		115866
71263		116027
71374		116204
71485		116664
71596		116988
71707		121595
71818		116948
71929		117110
72040		117287
72151		117469
72262		117651
72373		117831
72484		118029
72595		119076
72706		118986
72817		121412
72928		118733
73039		118935
73150		119097
73261		119277
73372		119457
73483		119934
73594		124740
73705		119999
73816		120179
73927		120763
74038		120540
74149		120740
74260		120900
74371		121305
74482		121707
74593		122129
74704		124049
74815		122006
74926		121983
75037		122166
75148		122770
75259		122746
75370		123462
75481		127782
75592		123089
75703		123863
75814		123429
75925		123607
76036		123806
76147		125289
76258		124576
76369		124331
76480		126898
76591		125037
76702		124872
76813		125049
76924		126770
77035		125415
77146		126817
77257		129903
77368		127162
77479		126135
77590		126317
77701		126765
77812		126839
77923		127084
78034		127039
78145		127242
78256		128983
78367		128701
78478		127967
78589		127964
78700		128120
78811		128322
78922		128784
79033		133017
79144		129585
79255		129049
79366		129205
79477		132944
79588		171160
79699		131541
79810		130241
79921		130448
80032		165075
80143		130520
80254		130674
80365		130853
80476		131485
80587		137965
80698		131391
80809		131594
80920		131757
81031		131935
81142		132136
81253		132750
81364		132494
81475		132679
81586		133254
81697		133020
81808		133221
81919		133379
82030		134723
82141		133778
82252		133922
82363		134524
82474		134306
82585		136031
82696		134644
82807		134848
82918		135007
83029		135207
83140		135389
83251		135755
83362		136167
83473		135911
83584		136093
83695		137622
83806		136471
83917		136635
84028		136834
84139		136995
84250		137176
84361		137376
84472		138283
84583		137754
84694		138313
84805		138078
84916		138275
85027		138438
85138		140708
85249		138796
85360		138980
85471		139199
85582		139342
85693		139952
85804		139700
85915		139882
86026		151818
86137		140456
86248		140465
86359		140607
86470		140787
86581		140990
86692		141560
86803		141825
86914		141926
87025		141728
87136		142795
87247		142051
87358		142252
87469		142416
87580		142611
87691		144527
87802		142937
87913		143132
88024		143294
88135		143477
88246		143674
88357		143838
88468		144050
88579		144611
88690		144401
88801		144558
88912		144756
89023		144919
89134		145136
89245		145300
89356		145463
89467		145660
89578		146236
89689		146020
89800		146186
89911		146398
90022		146546
90133		146741
90244		146907
90355		147104
90466		147266
90577		147879
90688		148490
90799		147826
90910		147985
91021		148170
91132		148374
91243		148533
91354		148735
91465		150049
91576		149095
91687		149255
91798		149956
91909		149614
92020		149813
92131		149974
92242		150856
92353		150339
92464		150951
92575		150696
92686		150898
92797		151057
92908		151277
93019		154134
93130		151603
93241		152715
93352		152376
93463		152166
93574		153261
93685		152746
93796		152685
93907		152885
94018		153508
94129		153243
94240		153819
94351		153623
94462		153771
94573		153967
94684		155284
94795		154714
94906		154860
95017		155501
95128		155700
95239		155428
95350		155619
95461		155770
95572		162539
95683		155777
95794		155997
95905		156141
96016		156756
96127		156520
96238		156680
96349		156883
96460		157057
96571		157244
96682		157400
96793		157605
96904		158196
97015		157940
97126		158561
97237		158793
97348		158510
97459		158689
97570		158846
97681		159048
97792		159892
97903		161630
98014		162623
98125		159771
98236		159931
98347		160135
98458		160311
98569		160925
98680		161086
98791		160854
98902		161018
99013		161217
99124		161378
99235		161592
99346		169652
99457		161917
99568		162534
99679		162297
99790		163143
99901		162837
